0 180.00 300 85.65 300 4.00 300 100.16 300 89.52 300 100.16 300 90.00 300 90.00 300 
1 180.0 300.0 114.68 300.0 4.0 300.0 180.0 300.0 89.52 300.0 105.97 400.0 90.0 300.0 90.0 300.0 
2 180.0 300.0 38.23 300.0 4.0 300.0 99.00 300.0 89.52 300.0 92.42 500.0 90.0 300.0 90.0 300.0 
3 180.00 300 140.81 300 4.00 300 99.00 300 89.52 300 100.16 300 90.00 300 90.00 300
4 180.00 300 98.23 300 4.00 300 99.00 300 89.52 300 100.16 300 90.00 300 90.00 300 
5 180.00 300 104.04 300 38.71 300 81.29 300 118.10 300 75.81 300 90.00 300 93.00 300 
6 180.00 300 101.13 300 39.68 300 0.00 300 122.94 300 83.55 300 90.00 300 93.00 300 
7 180.00 300 101.13 300 39.68 300 71.61 300 122.94 300 83.55 300 90.00 300 93.00 300 
8 169.35 300 75.97 300 38.71 300 84.19 300 119.06 300 83.55 300 90.00 300 93.00 300 
9 169.35 300 100.17 300 38.71 300 81.29 300 120.03 300 102.90 300 90.00 300 93.00 300 
10 180.00 300 70.17 300 60.97 300 81.29 300 74.52 300 101.94 300 90.00 300 93.00 300 
11 180.00 300 94.36 300 71.61 300 0.00 300 74.52 300 101.94 300 90.00 300 93.00 300 
12 180.00 300 94.36 300 71.61 300 0.00 300 74.52 300 101.94 300 90.00 300 93.00 300 
13 180.00 300 45.00 300 71.61 300 60.97 300 74.52 300 101.94 300 90.00 300 93.00 300 
14 180.00 300 106.94 300 71.61 300 67.74 300 74.52 300 101.94 300 90.00 300 93.00 300 


