0 180.0 500.0 77.91 500.0 15.0 500.0 180.00 500.0 89.52 500.0 100.16 500.0 90.0 500.0 90.0 500.0 
1 180.0 300.0 108.88 300.0 16.0 300.0 180.00 300.0 89.52 300.0 104.03 500.0 90.0 500.0 90.0 500.0 
2 180.0 300.0 69.68 300.0 15.0 300.0 180.0 300.0 89.52 300.0 70.16 500.0 90.0 500.0 90.0 500.0 
3 160.65 300.0 108.88 300.0 16.00 300.0 180.0 300.0 96.29 300.0 104.03 500.0 90.0 500.0 90.0 500.0 
4 160.65 300.0 36.30 300.0 15.10 300.0 180.0 300.0 89.84 300.0 92.42 500.0 90.0 500.0 90.0 500.0 
5 180.00 300.0 63.39 300.0 45.06 500.0 85.00 300.0 84.00 300.0 129.20 300.0 90.0 500.0 90.0 500.0 
6 180.0 300.0 110.81 300.0 45.06 500.0 85.00 300.0 84.00 300.0 67.26 300.0 90.0 500.0 90.0 500.0 
7 180.0 300.0 94.36 300.0 45.84 300.0 0.0 300.0 89.52 300.0 67.26 300.0 90.0 300.0 90.0 300.0 
8 180.0 300.0 94.36 300.0 45.84 300.0 80.32 300.0 89.52 300.0 74.03 300.0 90.0 300.0 90.0 300.0 
9 180.0 300.0 138.88 300.0 45.84 300.0 88.06 300.0 89.52 300.0 66.29 300.0 90.0 300.0 90.0 300.0 
10 180.0 300.0 135.97 300.0 45.84 300.0 43.55 300.0 89.52 300.0 69.20 300.0 90.0 300.0 90.0 300.0 
11 165.48 300.0 78.88 300.0 45.84 300.0 74.52 300.0 89.52 300.0 69.20 300.0 90.0 300.0 90.0 300.0 
12 165.48 300.0 42.10 300.0 45.84 300.0 0.00 300.0 89.52 300.0 105.97 300.0 90.0 300.0 90.0 300.0 
20 180.0 500.0 0.00 500.0 38.0 500.0 180.0 500.0 89.52 500.0 100.16 500.0 90.0 500.0 90.0 500.0 
21 180.0 500.0 137.42 500.0 38.0 500.0 180.0 500.0 89.52 500.0 100.16 500.0 90.0 500.0 90.0 500.0 