0 66.77 500 89.52 500 90.97 500 180.00 500 146.13 500 100.16 500 90.00 500 90.00 500 
1 33.87 500.0 58.55 500.0 90.97 500.0 78.39 500.0 146.13 500.0 77.90 500.0 90.0 500.0 90.0 500.0 
2 40.65 500.0 79.84 500.0 90.97 500.0 137.42 500.0 146.13 500.0 124.35 500.0 90.0 500.0 90.0 500.0 
4 27.10 500.0 44.04 500.0 70.65 500.0 75.48 500.0 141.29 500.0 123.39 500.0 90.0 500.0 90.0 500.0 
3 13.55 500.0 103.07 500.0 100.65 500.0 79.36 500.0 147.10 500.0 79.84 500.0 90.0 500.0 90.0 500.0 
20 55.16 500.0 88.55 500.0 90.97 500.0 152.90 500.0 146.13 500.0 135.00 500.0 90.0 500.0 90.0 500.0 
21 55.16 500.0 82.75 500.0 90.97 500.0 152.90 500.0 146.13 500.0 54.68 500.0 90.0 500.0 90.0 500.0 
5 31.93 500.0 114.68 500.0 101.62 500.0 34.84 500.0 113.23 500.0 76.93 500.0 90.0 500.0 90.0 500.0 
7 31.93 500.0 114.68 500.0 130.65 500.0 34.84 500.0 120.00 500.0 76.93 500.0 90.0 500.0 90.0 500.0 
8 44.51 500.0 70.17 500.0 49.36 500.0 34.84 500.0 120.00 500.0 76.93 500.0 90.0 500.0 90.0 500.0 
6 51.28 500.0 114.69 500.0 60.01 500.0 34.84 500.0 108.39 500.0 76.93 500.0 90.0 500.0 90.0 500.0 
9 58.06 500.0 119.52 500.0 51.30 500.0 165.48 500.0 120.00 500.0 76.93 500.0 90.0 500.0 90.0 500.0 
10 65.80 500.0 138.88 500.0 55.17 500.0 73.55 500.0 130.65 500.0 76.93 500.0 90.0 500.0 90.0 500.0 
11 37.74 500.0 101.14 500.0 55.17 500.0 154.84 500.0 142.26 500.0 76.93 500.0 90.0 500.0 90.0 500.0 
12 47.41 500.0 131.14 500.0 58.07 500.0 62.90 500.0 148.06 500.0 65.32 500.0 90.0 500.0 90.0 500.0 
